100275
100278
100294
100577
100611
101065
101281
101363
101992
102069
102306
102779
102848
102986
103347
103531
103551
103575
103649
103671
103704
104090
104226
104238
104286
104288
104325
104472
105291
105573
105745
106181
106285
106734
106943
107370
107602
107848
108159
108267
108452
108547
108567
108798
108802
109270
109278
109330
109640
109829
110079
110371
110810
110831
111077
111103
111451
111452
111673
111804
112065
112239
112456
112561
112833
112862
113122
113149
113182
113296
113441
113453
113498
113732
113808
113881
113923
113951
114310
114682
114719
114752
114766
114899
114990
114991
115034
115044
115203
115361
115451
115473
115800
115868
115975
116279
116449
116474
117233
117358
117451
118119
118362
118550
118702
118985
119227
119267
119325
119457
119683
120005
120175
120550
120782
120819
120846
120937
121380
121440
121687
121763
121866
122216
122513
122632
122673
122731
123025
123298
123307
123308
123636
123715
123798
124168
124224
124353
124851
124917
124974
125117
125361
125407
125545
125598
125662
125682
125701
125963
126461
126703
126732
126929
127142
127347
127426
127694
127776
127906
127966
128490
129265
129417
129678
129852
129874
130011
130224
130334
130338
130605
130942
131183
131271
131273
131288
131307
131350
131510
131611
131660
131891
132170
132211
132283
132450
132620
132773
132886
133085
133215
133419
133472
133605
133686
133833
133904
134035
134440
134455
134548
134628
134656
134728
134807
134917
135434
135795
135897
135919
136087
136146
136160
137168
137410
137659
137785
138088
138725
138770
138960
139073
139121
139422
139511
139527
139571
139616
139702
139802
140092
140463
140619
140662
141500
141505
141792
141922
142109
142288
142815
142817
142855
143093
143247
143300
143504
143592
143616
143892
143929
144041
144472
144499
144574
144635
144693
144753
144864
145264
145303
145570
145615
145669
145951
145991
146270
146501
146538
146723
147030
147057
147203
147269
147347
147560
147855
147865
148221
148365
148418
148428
148518
148526
148881
148946
148979
149058
149133
149405
149469
149780
149833
150067
150155
150221
150295
150564
150822
151083
151335
151839
152021
152102
152505
152749
152788
152838
153100
153457
153602
153759
154631
154707
154836
155082
155138
155354
155711
156202
156226
156600
156735
156827
156840
156947
157020
157269
157375
157384
158066
158112
158449
158467
158519
158718
158785
159094
159503
159928
159953
160389
160479
160513
160576
160987
161196
161230
161462
161810
162060
162126
162192
162319
162486
162538
162577
162816
163074
163182
163597
163635
163736
163766
163800
163823
163906
163967
164170
164345
165013
165054
165399
165444
165446
165499
165765
165780
165861
166441
166714
167105
167174
167218
167536
167596
167973
168543
168590
168806
169396
169725
169734
169740
169757
170069
170503
170505
170717
170719
170722
170851
171066
171082
171121
171148
171466
171841
171967
172031
172222
172254
172531
172644
172710
172827
172883
172887
173023
173057
173096
173540
173727
173926
174136
174365
174389
174570
174648
174928
175076
175149
175671
176191
176318
176342
176407
176523
176600
176731
176805
176816
176928
177051
177229
177339
177376
177613
177635
177879
178020
178193
178277
178289
178531
178883
178900
179091
179119
179162
179362
179394
179657
179766
179842
179985
180305
180486
180567
180669
180790
180880
180912
181006
181014
181474
181568
181631
181831
181989
182197
182960
183015
183030
183451
183587
184029
184518
184693
184756
184801
184821
184904
184905
185000
185517
185948
186183
186534
186766
186900
187030
187095
187239
187265
187268
187328
187664
187704
187906
187925
188273
188387
188412
188760
188803
188845
188897
189204
189408
189502
189535
189581
189604
189628
189899
189945
190180
190395
190647
190763
190828
191143
191240
191436
191615
191870
191953
191989
193086
193199
193306
193334
193539
193737
193856
193868
193944
193969
194310
194327
194501
195004
195111
195143
195307
195415
195465
195613
195670
195703
196058
196156
196275
196287
196524
196583
196833
196856
196941
196991
197099
197140
197162
197271
197586
197592
197781
197801
197951
198046
198219
198270
198288
198336
198356
198395
198415
198513
198692
198858
199113
199146
199354
199355
199901
199927
200212
200466
200484
200837
200919
200991
201319
201381
201383
201402
201487
201492
201569
201814
202023
202282
202408
202410
202433
202443
202701
202804
203127
203307
203566
203609
203621
203790
203876
203882
204066
204073
204099
204318
204676
204685
205032
205151
205573
205630
205677
205773
206067
206565
206573
206743
206772
207106
207165
207457
207797
207843
207959
208043
208112
208188
208191
208194
208235
208624
208654
208812
208822
208992
209527
209702
210108
211217
211221
211759
212075
212084
212233
212759
212986
213102
213186
213547
213742
214030
214127
214336
214433
214622
214873
214877
215304
215377
215816
215985
216117
216641
216688
216755
216884
216908
217049
217078
217091
217129
217134
217344
217628
217679
217752
217911
217925
218176
218535
219015
219483
219515
219665
219680
219806
219814
220206
220603
220606
220701
220809
220811
220854
220974
221350
221651
221744
221816
222082
222096
222371
222430
222763
222786
223422
223472
224047
224155
224447
224476
224686
224728
224866
224957
225043
225223
225463
225657
225830
226055
226113
226132
226368
226438
226716
226758
226878
226969
227028
227071
227086
227094
227098
227381
227594
227678
227769
227771
227807
228094
228136
228253
228329
228462
228535
228810
229010
229122
229175
229433
229721
229839
230036
230155
230279
230919
230935
231006
231261
231598
232263
232293
232334
232529
233445
233584
234011
234096
234728
235211
235499
235731
235951
236123
236385
236854
236937
237055
237145
237693
237797
237818
238136
238341
238353
238526
238579
238662
239261
239283
240286
240394
240659
240710
240731
240948
241063
241199
241326
241384
241405
241576
241701
241734
242241
242264
242317
242393
242432
242434
242452
242937
242967
243197
243454
243558
244392
244696
245050
245282
245377
245630
245877
246178
246400
246556
246666
246687
246870
247031
247330
247616
247707
247913
247934
247958
247965
247990
248450
248465
248474
248523
248541
248712
249076
249098
249154
249182
249230
249347
249354
249537
249616
249948
250075
250159
250336
250359
250793
250977
250980
251157
251250
251464
251559
251609
251670
251718
251800
251966
252282
252487
252925
253237
253472
253510
253518
253543
253929
253982
254037
254063
254250
254424
254872
255055
255075
255192
255255
255333
255346
255517
255837
256070
256772
256863
256946
257179
257407
257538
257564
257784
257855
257857
258184
258665
258801
258802
258935
259244
259348
259380
259688
259743
259808
259885
259962
259970
260129
260225
260555
260580
261098
261118
261227
261243
261782
261803
261954
262154
262658
262661
262736
262976
263010
263045
263343
263452
263683
263729
263848
264017
264430
264491
264494
264553
264584
264627
264677
264769
264778
265041
265294
265714
265820
265933
266003
266112
266266
266749
267061
267193
267940
268031
268050
268074
268568
268611
268750
269004
269422
269929
270037
270265
270855
270967
270972
271069
271297
271508
271558
271562
271635
271823
272142
272296
272462
272912
272939
272970
273222
273286
273857
274162
274276
274518
274990
275068
275287
275297
275710
275850
275892
276240
276256
276284
276289
276304
276321
276326
276804
276931
276938
277199
277229
277342
277353
277367
277418
277970
278027
278300
278329
279072
279337
279404
279729
280398
280399
280481
280720
280911
281255
281363
281390
281475
281622
281623
281825
281866
282051
282084
282094
282181
282517
282872
283078
283099
283380
283955
284016
284195
284294
284372
284469
284521
284538
284671
285340
285396
285519
285544
285603
285935
285952
286172
286232
286476
286539
286692
286888
287018
287072
287326
287374
287531
287680
287738
287961
288169
288244
288612
288979
289556
289617
289652
289839
290556
290720
290755
290858
290894
290988
291178
291457
291548
291949
291998
292237
292337
292382
292663
292876
292877
292990
293033
293044
293497
294057
294423
294499
294505
294860
295003
295113
295199
295226
295281
295286
295580
295706
295808
295889
295972
296307
296500
296520
296757
297373
297434
297455
297461
297657
297670
297745
297817
297846
297964
298013
298114
298283
298338
298463
299116
299288
299370
299542
299735
299997
300009
300410
300461
300775
300920
300961
301205
301270
301300
301389
301442
301855
302063
302119
302235
302250
302513
302548
302566
302660
302867
303471
303730
303882
303959
304026
304075
304268
304609
304734
305108
305201
305205
305487
305516
305942
306074
306191
306228
306465
306489
306934
307458
307616
307810
307852
307886
307949
308117
308155
308406
308467
308629
308753
308815
309065
309689
309882
309956
310167
310268
310839
310917
311020
311195
311535
311699
311807
311816
311911
311978
312264
312290
312489
312687
312758
313175
313541
313623
313704
314440
314545
314626
314817
315030
315305
315842
315884
316024
316028
316050
316132
316464
316508
316803
316890
316960
316965
317031
317485
317511
317672
317962
318367
319008
319014
319015
319053
319484
319685
319690
319859
319903
319943
319966
320135
320223
320694
320887
321236
321265
321703
321917
321988
322015
322072
322573
322630
322791
323308
323497
323536
323550
323554
323770
324144
324456
324457
324649
324651
324999
325092
325562
326009
326097
326152
326527
326533
326911
327136
327218
327244
327370
327422
327531
327589
327674
327726
328410
328420
328433
328605
328771
328787
328850
328938
329157
329259
329310
329477
329543
329658
329667
329754
330102
330190
330207
330393
330526
330599
330719
330892
331102
331300
331357
331481
331561
331617
332099
332140
332235
332411
332433
332749
333241
333513
333613
333620
333658
333738
333768
333932
333995
334199
334216
334241
334569
335104
335384
335444
335511
335883
336110
336297
336529
336864
337176
337335
337607
337891
338096
338811
338821
339201
339455
339578
339592
339809
340307
340311
340750
340757
340883
341079
341206
341293
341425
341570
341616
341655
341693
341717
341998
342061
342134
342190
342246
342263
342290
342334
342707
342720
342742
342781
343212
343349
343364
343395
343573
343721
343743
343936
344042
344054
344077
344160
344363
344375
344476
344713
344980
345140
345146
345231
345442
345672
345679
345726
345831
346128
346341
346610
346681
346790
347193
347312
347340
347559
347777
347854
347978
348037
348245
348486
348747
348776
348958
349746
349768
349800
349985
350211
350277
350838
351070
351400
351601
351867
352141
352144
352335
352370
352511
352527
352577
352612
352645
352785
353569
353670
354049
354505
354555
354563
354663
354709
354924
354965
355050
355120
355385
355437
355647
355955
356084
356522
357062
357129
357330
357370
357511
357604
357734
358047
358051
358515
358616
358665
358722
358737
358944
359029
359199
359307
359404
359438
359711
359796
360402
360738
360844
361352
361595
361632
361753
361874
362027
362428
362719
362728
363602
363914
364123
364137
364141
364290
364295
364320
364388
364432
364650
364804
365248
365404
365733
365738
365899
366035
366537
366853
366859
366890
367009
367060
367267
367294
367755
367857
368004
368130
368545
368576
368707
368771
368828
369045
369161
369192
369211
369887
369955
369969
369995
370145
370351
370414
370549
370744
370853
370971
371060
371172
371486
371504
371712
372234
372260
372377
372508
372978
373401
373421
373436
373482
373763
373864
373905
373957
374103
374108
374218
374401
374946
375109
375555
375940
376418
376472
376588
376661
376701
376723
376750
377884
378026
378056
378083
378794
378910
378922
378949
379127
379220
379451
379678
379748
379763
379776
379810
379960
380098
380446
380643
380729
380732
380791
380879
380989
381097
381285
381379
381873
382100
382446
382549
382577
382608
382635
383125
383172
383189
383536
383552
383614
383635
383650
383857
384024
384026
384271
384845
384955
385034
385324
385359
385478
385954
386021
386041
386044
387279
387375
387410
387539
388178
388543
389679
389793
389982
390276
390396
390685
390706
390785
390808
390976
391013
391338
391537
391983
392357
392554
392559
392635
392825
393070
393459
393497
393640
393646
393950
394376
394434
394635
394640
394688
395286
395332
395448
395690
396331
396699
396891
396894
396943
397032
397251
397334
397453
397493
397576
397724
397820
397865
398131
398143
398195
398435
398856
398937
399100
399713
399809
399839
400182
400199
400274
400292
400300
400381
400490
400619
400661
400686
400843
400864
400876
401396
401545
401562
401932
402004
402154
402181
402667
403099
403646
403721
403897
404165
404294
404314
404344
404371
405150
405219
405394
405503
405677
405945
405972
405998
406277
406511
406671
406939
407000
407160
407242
407243
407491
407623
407924
407980
407999
408139
408614
408778
408783
408991
408998
409060
409317
409348
409481
409713
409763
409912
410277
410299
410417
410844
410856
410908
411140
411160
411421
411455
411576
411665
412049
412096
412294
412487
412677
413259
413396
413421
413474
413534
413593
413606
413607
414082
414097
414152
414239
414350
414397
414449
414466
414935
414987
415502
415508
415547
415551
415820
416468
416659
416847
417604
417635
417795
418071
418329
418479
418627
418791
419083
419190
419196
419296
419384
419421
419442
419465
419570
419654
420065
420187
420225
420550
420969
421096
421499
421610
422345
422395
422726
422955
423452
423460
423720
423810
423874
424132
424181
424213
424408
424559
424699
424780
425077
425372
425417
425595
425773
425899
425981
426140
426287
426399
426507
426613
426739
426837
426958
427013
427107
427352
427789
427976
428298
428570
428749
428815
429097
429129
429257
429289
429305
429363
429403
429428
429991
430020
430461
430501
430561
430681
430898
430970
431281
431470
432041
432101
432228
432232
432236
432484
432648
432692
432776
432987
433317
433497
433536
433587
433933
434162
434330
434450
434466
434629
434999
435009
435063
435454
435948
436017
436186
436718
436740
436906
437314
437729
437931
437960
437983
438410
438429
438531
438696
438739
438769
438856
439232
439494
439750
439861
440243
440340
440567
440684
440711
440718
440876
440926
441322
442216
442392
442429
442462
442489
442560
442567
442711
442890
442949
443162
443259
443266
443414
443482
443520
444038
444403
444490
444532
444685
445187
445431
445522
445677
445943
445986
446102
446183
446811
446825
446838
446919
446968
447007
447067
447123
447225
447322
447353
447769
448006
448252
448301
448362
448515
448783
448915
449137
449213
449373
449509
449550
449578
449587
449821
450053
450156
450480
450795
451019
451209
451337
451371
451730
451910
452312
452369
452380
452662
452808
452940
453097
453135
453164
453209
453331
453379
453487
453614
453688
453751
453867
453884
453899
454015
454340
454350
454526
454882
455138
455197
455477
456002
456107
456111
456347
456424
456712
456716
456834
457225
457260
457286
457389
457413
457451
457615
457776
458218
458255
458266
458539
458588
458595
458634
458655
458743
459173
459470
459981
460001
460317
460721
460892
460909
460935
460975
461344
461542
461621
461720
461755
461863
462045
462204
462518
462535
462855
462884
462919
462994
463971
464106
464698
464853
464865
464898
464948
465216
465256
465342
465398
465484
465555
465568
465742
466190
466718
466914
467201
467271
467284
467383
467715
467717
467814
468077
468273
468310
468367
468587
468894
468907
468935
468966
469007
469048
469104
469221
469443
469956
470067
470373
470586
471036
471091
471181
471311
471699
471830
472239
472425
472475
472537
472564
472723
472917
473289
473336
473795
474193
474280
474413
474422
474783
474874
474979
475217
475365
475951
476043
476067
476126
476562
476881
477027
477123
477190
477239
477558
477566
477735
477873
477920
477985
478015
478029
478064
478072
478341
478588
478726
478831
478914
478930
479154
479603
479912
480006
480219
480608
480702
480729
480829
481270
481328
481509
481855
481888
482018
482040
482108
482322
482534
482545
483421
483758
483778
483837
483897
484341
484371
484428
484593
484650
484731
484797
485079
485294
485329
485507
485552
485965
486006
486013
486033
486124
486259
486368
486645
486784
486899
487024
487039
487158
487334
487785
487892
488248
488256
488773
489173
489265
489338
489359
489492
489597
489753
489803
489876
490019
490120
490169
490340
490441
490560
490670
490681
490986
491081
491087
491247
491454
491611
491886
492198
492545
492693
492718
492845
492863
492868
493152
493180
493319
493690
494184
494223
494286
494501
494609
494733
494939
494984
495146
495393
495803
496176
496210
496339
496969
497321
497560
497606
497697
497730
497842
497972
498262
498333
498377
498504
498745
498833
499083
499118
499132
499210
499498
499502
499532
499539
499705
499940
500001
500088
500326
500410
501144
501257
501338
501421
501768
501896
501957
501958
502029
502112
502216
502224
502234
502347
502408
502991
503036
503323
503396
503398
504189
504233
504438
504564
504684
504743
505171
505329
505370
505407
505411
505418
505441
505477
505754
505901
505971
506086
506400
506448
506579
506737
506811
507116
507129
507505
507541
507622
507682
507770
507777
507898
507979
508021
508306
508344
508375
508593
508684
509171
509324
509463
509466
509579
509620
509744
509828
509940
510273
510373
510437
510536
510637
510671
510711
510724
510981
511477
511575
511695
511877
511964
511990
512073
512662
512798
513155
513477
513771
513786
513937
514043
514599
514792
514876
514899
515119
515214
515232
515406
515501
515901
516070
516297
516436
516494
516846
516882
517194
517225
517263
517305
517500
517583
517594
517602
517685
517759
517878
517900
517922
518195
518765
518977
519014
519073
519215
519332
519391
519541
519592
520386
520392
520681
520769
520800
520908
520958
521344
521345
521409
521421
521443
521491
521769
521825
521981
522359
522545
522789
522827
522829
522978
523617
523683
523830
523870
523999
524039
524280
524414
524536
524632
524942
525512
525567
525636
525761
525815
525948
526158
526227
526250
526363
526520
526730
527351
527507
527559
527693
527743
527751
527897
528050
528201
528341
528369
528585
528625
528803
529129
529216
529260
529325
529407
529439
529590
529653
529753
529878
530009
530323
530376
530892
530949
531087
531252
531315
531397
531431
531539
531643
531747
531831
531843
531892
532058
532080
532094
532302
532399
532473
532598
532644
533162
533686
534060
534099
534218
534537
534558
534681
534692
534983
535100
535204
535364
535396
535559
535656
535775
535848
535966
536045
536134
536185
536379
536405
536627
536774
537115
537526
537713
537900
537987
537994
538043
538346
538510
539056
539066
539634
539637
539812
539911
539985
540324
540453
540829
540921
541009
541117
541321
541573
541900
541965
542228
542491
542504
542537
542541
542582
542659
542893
542915
542924
543671
543710
543870
544813
544900
544965
545079
545229
545418
545603
545912
546392
546573
546681
547292
548171
548249
548503
548672
548915
548964
549006
549348
549456
549469
549618
550193
550199
550225
550687
550815
550887
550994
551047
552029
552298
552322
552331
552351
552451
552564
552949
553092
553295
553976
554089
554212
554354
554450
554466
554667
554856
555564
555930
556007
556060
556204
556243
556484
556491
556900
556999
557370
557992
558054
558107
558232
558311
558383
558525
558537
559111
559403
559422
559431
559561
559600
560041
560243
560556
560622
560696
561054
561063
561144
561156
561160
561406
561836
561887
562001
562064
562169
562359
562494
562562
562638
562684
562705
562731
562740
562986
563110
563541
563724
563857
564039
564117
564217
564288
564464
564607
564730
564799
565091
565371
565557
565641
565792
565855
565931
566275
566306
566476
566669
566748
566799
566886
566909
567033
567213
567468
567485
567693
567970
568116
568145
568256
568430
568542
569027
569456
569902
569955
570213
570223
570226
570757
570960
571039
571741
571790
572629
572632
572649
572764
572949
573018
573079
573154
573169
573228
573340
573380
573630
574017
574166
574637
574696
574714
575026
575051
575329
575394
575588
575627
575650
575978
576091
576174
576258
576634
576752
576810
576831
576835
577042
577348
577361
577582
577595
578269
578693
578825
578874
578926
579007
579519
579664
579717
579730
580464
580649
580962
580980
581020
581293
581642
581707
581942
582191
582343
582535
582721
583380
583447
583478
583793
583822
583893
583943
584073
584343
584632
585330
585827
585896
585960
586017
586054
586151
586209
586250
586301
586532
586909
587295
587400
587588
587855
588111
588128
588360
588419
588533
588860
589954
590071
590258
590259
590347
590382
590635
590746
591034
591341
591621
591893
591982
592189
592237
592305
592494
592542
592931
593058
593083
593738
593845
594132
594304
594410
594420
594455
594610
594622
594633
594795
594897
595028
595126
595195
595301
595352
595380
595517
595588
595653
595989
596217
596364
596423
596597
596656
596707
596787
596788
597022
597174
597235
597308
597317
597384
597755
598501
598734
598765
598909
598913
599076
599087
599162
599201
599434
599672
599960
600001
600062
600206
600210
600413
600480
600989
601116
601188
601567
601737
601781
602175
602446
602620
602722
602732
602926
603047
603160
603769
603800
604150
604155
604320
604344
604552
604565
604578
604733
604758
604879
604938
605002
605184
605237
605258
605390
606016
606076
606238
606405
606484
606517
606722
606747
606960
607053
607492
607622
607650
607680
607737
608188
608253
608646
608740
609791
609884
610011
610288
610647
610680
610712
611635
611944
612200
612214
612285
612384
612645
612700
612838
612866
613042
613057
613129
613292
613414
613548
613686
613894
613936
613956
614076
614112
614175
614364
614405
614535
614714
614718
614933
614996
615141
615607
615758
615776
616044
616159
616233
616934
616991
617038
617040
617382
617623
617674
617696
617774
618529
618715
618995
619011
619805
619841
619859
619896
619971
619992
619995
620001
620002
620049
620432
620452
620479
620661
620746
620946
621339
621416
621441
621776
621850
621964
622160
622333
622488
622707
622897
623047
623206
623488
623627
623663
623858
623911
624537
624927
625071
625202
625235
625328
625358
625411
626041
626126
626209
626534
626562
626584
626598
626915
626992
627088
627164
627226
627309
627475
627682
627709
627757
627972
628460
628512
628793
629110
629392
629496
629739
629842
630225
630252
630521
630533
631107
631138
631264
631345
631432
631679
632241
632311
632348
632426
632540
632817
632881
633073
633140
633364
633382
633416
633674
633790
634097
634192
634317
634339
634900
634968
635081
635201
635220
635383
635801
635929
635963
636041
636141
636575
636904
636944
637329
637341
637689
637713
637728
637766
637802
637808
637986
638016
638200
638287
638666
638750
638753
638917
639074
639251
639292
639295
639352
639566
639620
639642
639651
639706
640040
640111
640140
640437
640455
640760
640942
641070
641428
641500
641520
641557
641870
641872
642268
642488
642489
642650
642667
642684
642733
642820
643209
643562
643783
643960
644158
644165
644462
644754
644982
645000
645306
645456
645710
645755
645782
645955
646012
646194
646234
646526
646758
646959
646983
647125
647155
647492
647738
647861
648232
648847
648892
648934
649310
649410
649521
649601
650765
650809
650840
650922
651086
651131
651394
651459
651668
651982
652004
652027
652404
652428
652541
652645
653021
653495
653511
653949
653964
654348
654349
654365
654723
654862
654896
654924
654961
655014
655344
655475
655550
655628
656064
656104
656122
656527
656751
656870
657477
657776
657873
658038
658247
658342
658367
658372
658538
658705
658781
658837
658854
658962
658964
659085
659394
659632
659905
659963
659984
660010
660091
660165
660326
660506
660645
660757
660889
660915
660933
660992
661556
661606
661627
661767
662284
662395
662421
662469
662496
662526
662547
662602
662961
663144
663164
663447
663456
663509
663623
663768
664152
664312
664321
664342
664398
664509
664539
664657
664681
664806
664836
664842
664884
665483
665552
665710
665992
666544
666772
666819
666865
667095
667119
667142
667328
667615
667624
668156
668676
668685
668691
669052
669153
669200
669315
669542
669703
669751
670110
670596
670618
670644
670657
670782
671014
671102
671692
671881
671919
671970
672303
672574
672628
672629
673016
673026
673207
673482
673899
673943
674273
674373
674634
674648
674730
675037
675640
675701
675960
676168
676679
676694
676746
676844
676878
676914
676973
677139
677628
677647
677728
678232
678344
678724
678882
678895
678900
678902
678941
679217
679277
679743
679746
679805
680041
680059
680065
680074
680105
680311
680442
680502
680867
681102
681210
681432
681440
681630
681657
682187
682197
682223
682670
682699
682951
683000
683113
683125
683333
683386
683472
683769
683792
684240
684288
684418
684419
684467
685037
685117
685472
685484
686188
686400
686500
686538
686863
686908
687021
687258
687466
687648
687809
688145
688276
688457
688623
688781
689116
689226
689344
690064
690358
690510
690521
690920
690949
691097
691242
691271
691526
691632
691883
691971
692005
692905
693065
693079
693374
693391
693853
693877
694150
694707
694921
695119
695191
695467
695577
695757
695799
696534
696630
697136
697210
697511
697763
697825
697863
698048
698106
698549
698635
698680
698807
698951
698977
699236
699587
699804
699826
699997
700170
700209
700243
700365
700587
700726
701036
701083
701146
701158
701330
701483
701521
701972
702303
702359
702506
702609
702688
702705
702969
703005
703178
703191
704070
704094
704141
704222
704283
704491
704749
704922
705000
705402
705447
705526
705547
705713
705733
705772
705866
706040
706105
706170
706270
706711
706894
706925
707018
707125
707204
707218
707241
707276
707279
707366
707642
707800
707986
708078
708336
708345
708617
708698
708710
708945
709231
709465
709768
709774
709786
709910
709965
710572
710733
711045
711181
711246
711449
711769
711863
711893
712023
712158
712323
712331
712709
713109
713691
713817
713821
713910
714253
714709
714710
714841
714861
714950
715109
715120
715901
715906
716448
716764
716968
716982
717151
717663
717710
717840
717879
717933
718238
718471
718533
718621
718623
718646
718827
719021
719108
719229
719322
719652
719808
720224
720349
720367
720439
720544
720762
720786
720798
720941
720952
720996
721016
721389
721782
721937
721977
722198
722311
722355
722490
722527
722936
723050
723122
723311
723498
723544
723545
723556
723805
723854
724285
724573
724999
725044
725259
725355
725471
725551
725608
726072
726110
726150
726155
726191
726247
727117
727196
727393
727403
727685
727728
727731
727889
727897
727928
728098
728499
728544
728626
729706
729728
730530
730995
731034
731036
731064
731158
731758
731787
731909
731976
731993
732198
732328
732574
732663
732667
732920
733201
733228
733262
733467
733528
734489
734664
734674
734943
735039
735124
735199
735310
735507
735587
735821
735866
735871
735933
735999
736313
736538
736646
736717
736728
737201
737967
738039
738125
738258
738362
738460
738557
738610
738707
738783
738971
739385
739465
739525
739550
739979
740018
740222
740981
740994
741385
741610
742000
742129
742287
742325
742451
742616
742865
742886
742933
742937
742948
743190
743327
743505
743597
743816
743834
743863
744034
744734
745046
745308
745604
745767
746346
746606
746693
746734
746887
747099
747211
747222
747369
747450
747453
747637
747764
747898
747938
748092
748297
749199
749255
749429
749448
749664
749686
749689
749820
749854
750056
750125
750314
750326
750470
750625
751018
751129
751337
751515
751713
752064
752123
752139
752211
752315
752372
752374
752525
752660
752729
752757
752809
752846
752851
753425
753462
753693
753944
754082
754101
754199
754361
754375
754811
755222
755595
756194
756199
756366
756603
756878
756883
756991
757015
757032
757374
757414
757548
757610
757839
758484
759050
759134
759539
759629
759682
759710
759962
760030
760229
760458
761303
761305
761538
761668
761685
761749
761919
762147
762419
762429
762481
762600
762601
763065
763068
763080
763156
763265
763283
763362
763433
763542
763766
764013
764267
764546
764570
764767
764984
764992
765012
765055
765713
765728
765858
766216
766340
766437
766687
767055
767142
767175
767551
767657
767790
768363
768461
768477
768496
768507
768707
768714
768818
769247
769343
769507
769812
769829
769969
770235
770540
770567
770590
770809
770897
770992
771341
771545
771547
771737
771843
771985
772127
772150
772250
772290
772334
772505
772655
772797
772933
772984
773150
773227
773560
773574
773811
773856
773869
774031
774175
774359
774687
774724
774734
774845
775098
775192
775204
775630
775744
775844
776038
776601
776622
776973
777055
777129
777299
777312
777346
777468
777663
777902
777903
777912
777969
778031
778100
778113
778363
778543
778556
778896
779069
779213
779381
779409
779631
779642
779701
779850
780022
780134
780178
780503
780881
780953
780961
781021
781392
781510
781566
781836
781864
782089
782142
782221
782355
782358
782682
782937
783052
783206
783257
783534
783944
783959
783995
784049
784175
784291
784570
784735
784883
785423
785530
785793
785819
785901
786096
786108
786219
786591
786826
786870
786968
787119
787206
787322
787741
787788
787860
788166
788224
788325
788445
788641
788803
788963
789289
789305
789783
789855
789942
790501
790661
790777
791255
791294
791309
791428
791542
791617
791707
792002
792038
792114
792185
792301
792351
792656
792722
792882
793014
793180
793257
793668
793693
793810
793830
793846
793886
793930
794078
794202
794327
794455
794470
794553
794591
794785
794950
795352
795824
795956
796026
796108
796157
796317
796799
796981
797131
797158
797850
798590
798664
798666
798930
799018
799072
799172
799191
799530
799545
799631
800189
800361
800644
801304
801585
801761
801842
801865
802218
802224
802262
802418
802729
802930
802968
803026
803072
803081
803090
803251
803264
803318
803326
803436
803529
803694
803737
803776
804148
804251
804341
804536
804565
804761
805070
806023
806045
806280
806456
806671
807138
807309
807544
807644
807758
807815
807857
808193
808239
808418
808466
808596
808606
808896
809543
809749
809774
809831
809893
810170
810232
810452
810561
810615
810667
811006
811444
811567
811848
811875
811891
812003
812096
812232
812316
812381
812535
813083
813126
813178
813192
813285
813404
813521
813697
813891
814000
814270
814319
814374
814397
814429
814505
814602
814696
814729
815343
815419
815432
815436
815686
815701
815731
816140
816378
816410
816534
816621
816971
817523
817727
817745
817895
817987
817993
818098
818801
819051
819168
819325
819413
819833
819867
819885
819889
820141
820395
820441
820764
821046
821048
821049
821081
821180
821472
821743
821752
821815
821904
822309
822513
822535
822602
822800
823778
823874
823943
824055
824073
824087
824660
824743
824877
824959
825185
825346
825810
825854
826233
826362
826403
826601
826741
826978
827057
827189
827502
827554
827586
828020
828160
828204
828218
828375
828649
828728
828754
828938
829247
829285
829301
829534
829547
829687
829954
829955
829989
830225
830318
830584
830672
830680
830767
830920
831033
831144
831157
831219
831467
831527
831882
831889
831929
832056
832541
832779
832875
833047
833111
833126
833272
833340
833626
833660
833857
833882
834005
834256
834346
834547
834633
834666
834838
834873
834895
835047
835068
835083
835085
835097
835152
835824
835973
836015
836096
836317
836447
836584
836631
836693
836800
836813
836893
836951
837113
837119
837237
837361
837574
837626
837759
837829
837866
837872
837945
837963
838003
838012
838097
838175
838323
838453
838726
838807
838968
839012
839027
839129
839166
839332
839449
839525
840028
840244
840415
840456
840478
840507
840539
840592
841082
841104
841116
841129
841399
841495
841592
842042
842105
842281
842314
842317
842403
842470
842963
843051
843223
843253
843414
843487
843488
843891
844086
844405
844612
844960
844969
845302
845330
845554
845583
845769
845969
845983
846340
846782
846807
846924
847034
847184
847272
847539
847581
847736
847752
847779
848090
848136
848142
848267
848319
848334
849092
849183
849297
849568
849709
849848
850134
850168
850400
850695
850971
851685
851779
851797
852185
852289
852328
852533
852538
852547
852883
852922
853418
853522
853666
853749
853833
853877
853960
854086
854518
854823
855038
855116
855196
855339
855446
855694
855940
856179
856181
856320
856344
856346
856407
856595
857140
857264
857497
857531
857661
857689
857736
858198
858450
858469
858973
859197
859253
859368
859745
859973
860100
860215
860256
860654
860768
860856
861001
861223
861241
861543
861625
861745
862334
862515
862712
862783
862906
862955
863143
863190
863533
863614
863638
863680
863772
863868
864169
864297
864718
864913
865085
865193
865316
865685
865700
865809
865827
865850
865996
866392
866670
866884
866982
867279
867436
867782
867961
868082
868140
868267
868784
869264
869272
869351
869723
869843
869919
870099
870150
870260
870349
870394
871273
871337
871355
871396
871492
871659
871788
871802
871814
871968
871972
872141
872294
872580
872621
872664
872696
872880
872893
872976
873410
873614
873947
874165
874389
874532
874784
874889
875259
875289
875947
875967
876406
876437
876467
876763
876888
876982
877053
877074
877174
877302
877676
877856
878077
878200
878339
878426
878516
878794
878926
878932
878949
879000
879162
879225
879338
879580
879586
879677
879835
879974
879994
880111
880131
880177
880587
880780
880870
881244
881301
881620
881948
882073
882339
882571
882712
882782
882913
883078
883292
883637
884214
884255
884329
884704
884815
884887
885226
885326
885328
885587
885843
885870
885901
886150
886428
886615
887098
887389
887432
887830
887984
888127
888138
888381
888532
888646
888679
888747
888833
888901
888949
888973
889122
889255
889323
889440
889556
889568
889645
889841
890343
890414
890807
890911
891045
891113
891321
891759
892034
892152
892315
892322
892380
892484
892880
892898
893389
893535
894433
894645
894828
895129
895318
895344
895499
895514
895693
895771
895888
896132
896743
896799
896822
897043
897079
897115
897129
897603
897893
898024
898108
898402
898418
898610
898742
898790
898878
899251
899311
899410
900443
900554
900721
900747
900802
901072
901148
901456
901559
901816
902062
902174
902797
902919
903064
903084
903103
903311
903383
903702
903708
904006
904034
904116
904253
904388
904526
904699
904893
904924
905169
905741
906088
906097
906117
906521
906616
907024
907174
907271
907441
907533
907985
908133
909242
909379
909404
909528
909890
909899
909932
910070
910190
910206
910301
910349
910507
910694
910724
910880
910980
911187
911374
911787
911841
911976
911987
912081
912202
912334
912363
912436
912465
912501
912575
912597
912693
912854
912940
913263
913470
913501
913564
913781
913823
914127
914206
914339
914375
914829
914890
915123
915129
915235
915510
915529
915939
916168
916461
916688
916842
917100
917377
917514
917548
917963
918220
918227
918421
918467
918482
918759
918831
918970
918988
919036
919864
919981
920039
920108
920460
920538
920755
920822
921253
921388
921594
922093
922817
922991
923180
923442
923531
923598
923690
923847
923876
923916
924106
924113
924122
924149
924204
924273
924472
924592
924774
925040
925903
926036
926128
926204
926306
926352
926830
927193
927272
927301
927438
927554
927811
928003
928053
928089
928157
928365
928479
928633
928838
929132
929398
929457
929583
929617
929740
929953
930065
930158
930219
930515
930579
931030
931078
931546
931662
931943
932082
932283
932527
932970
933136
933359
933623
933775
933941
934155
934351
934480
934594
934717
934860
935023
935053
935075
935259
935702
936217
936242
936330
936353
936407
936580
936590
936989
937140
937222
937254
937376
937416
937497
937865
937870
938225
938330
938365
938412
938643
938674
938979
939082
939089
939122
939245
939416
939636
939643
940146
940285
940326
940600
940655
941556
941570
941776
941946
942079
942215
942582
942583
942673
942948
942986
943012
943150
943158
943601
943720
944280
944405
944722
944727
945114
945153
945185
945358
945491
945717
945988
946585
946776
946963
947067
947165
947168
947269
947343
947349
947409
947560
948010
948464
948776
948797
948798
948992
949199
949272
949323
949335
949820
949955
949984
950269
950382
950407
950452
950454
950727
951152
951191
951491
951497
951501
951502
951641
951857
951876
952221
952665
953067
953123
953232
953327
953501
953541
953581
953671
953839
953858
953959
954178
954198
955093
955136
955200
955512
955555
956061
956206
956214
956384
956470
956700
956981
957183
957344
957422
957495
957519
957621
957698
957838
957906
957944
958216
958243
958527
958851
959018
959024
959031
959295
959798
959815
959921
960072
960087
960132
960133
960303
960549
960697
960811
961146
961208
961450
961767
961874
961939
962083
962117
962219
962321
962369
962426
962697
962805
963111
963170
963430
963706
963737
963825
963842
963904
963926
963933
964007
964041
964519
964702
964934
965262
965288
965506
965684
965935
966089
966352
966546
966614
966890
967354
967389
967427
967684
967726
967959
968335
968398
968522
968551
968958
969283
969395
969409
969411
969616
969632
969753
969754
969810
969877
970073
970139
970228
970320
970427
970568
970609
970726
970783
971330
971573
971894
972026
972440
972524
972530
972610
972703
972798
972891
972957
973139
973165
973288
973362
973431
973441
973463
973490
973815
974087
974094
974200
974520
975249
975282
975296
975748
976062
976120
976413
976477
976645
976726
976747
977128
977837
977941
977996
978276
978452
978489
978530
978893
978901
979029
979145
979378
979424
980127
980165
980242
980257
980273
980382
980536
980570
980701
980764
980939
981030
981137
981197
981307
981350
981681
981969
982025
982057
982370
982817
983001
983208
983214
983219
983488
983582
984083
984315
984529
984551
984790
984961
985074
985288
985502
985557
985664
985665
986214
986287
986409
986988
987123
987128
987322
987432
987576
987818
987915
987920
987951
988083
988152
988211
988292
988633
988724
989201
989440
989569
989766
990026
990275
990370
990652
991132
991211
991316
991334
991598
991723
991738
991963
991976
992251
992630
992661
992806
992956
993028
993183
993270
993476
993638
993810
993923
993950
994204
994648
995056
995505
996099
996241
996664
996733
996872
996995
997094
997441
997637
997787
997839
997946
998019
998653
998741
998895
999028
999430
999569
999664
999936
